epoch,loss,mae,mse,val_loss,val_mae,val_mse
0,0.08976815640926361,0.1942548155784607,0.08976815640926361,0.03091961331665516,0.13216997683048248,0.03091961331665516
1,0.03312211483716965,0.13687223196029663,0.03312211483716965,0.02463923953473568,0.11818435043096542,0.02463923953473568
2,0.02837665192782879,0.12531797587871552,0.02837665192782879,0.025570319965481758,0.11532007157802582,0.025570319965481758
3,0.026793351396918297,0.12126468122005463,0.026793351396918297,0.0237819142639637,0.11156075447797775,0.0237819142639637
4,0.026029381901025772,0.11924029141664505,0.026029381901025772,0.02042417973279953,0.10419759899377823,0.02042417973279953
5,0.025520838797092438,0.11785057932138443,0.025520838797092438,0.02268480882048607,0.10800907015800476,0.02268480882048607
6,0.025153519585728645,0.11696832627058029,0.025153519585728645,0.021726099774241447,0.10923951119184494,0.021726099774241447
7,0.02473861537873745,0.11589666455984116,0.02473861537873745,0.02342926897108555,0.10835296660661697,0.02342926897108555
8,0.024462509900331497,0.11517743766307831,0.024462509900331497,0.0264123547822237,0.12322314828634262,0.0264123547822237
9,0.024052578955888748,0.11411263048648834,0.024052578955888748,0.02286810427904129,0.11191975325345993,0.02286810427904129
10,0.023866694420576096,0.11358871310949326,0.023866694420576096,0.023768959566950798,0.1173279881477356,0.023768959566950798
11,0.023678017780184746,0.1129869893193245,0.023678017780184746,0.023507054895162582,0.11322993785142899,0.023507054895162582
12,0.02350856177508831,0.11261916160583496,0.02350856177508831,0.020259616896510124,0.10191753506660461,0.020259616896510124
13,0.023314230144023895,0.11212391406297684,0.023314230144023895,0.021931804716587067,0.10945624113082886,0.021931804716587067
14,0.023161226883530617,0.11165186762809753,0.023161226883530617,0.0209564920514822,0.10525167733430862,0.0209564920514822
15,0.02297954447567463,0.11117260903120041,0.02297954447567463,0.022676432505249977,0.10694700479507446,0.022676432505249977
16,0.02280227281153202,0.11070605367422104,0.02280227281153202,0.022758901119232178,0.11013977229595184,0.022758901119232178
17,0.022715141996741295,0.11055821180343628,0.022715141996741295,0.021250728517770767,0.10613510757684708,0.021250728517770767
18,0.02268146350979805,0.1104094535112381,0.02268146350979805,0.022590097039937973,0.10976487398147583,0.022590097039937973
19,0.022532140836119652,0.11004427075386047,0.022532140836119652,0.021435769274830818,0.10546950995922089,0.021435769274830818
20,0.022495590150356293,0.10991977900266647,0.022495590150356293,0.02083238773047924,0.10276921838521957,0.02083238773047924
21,0.022355910390615463,0.10955555737018585,0.022355910390615463,0.0236810352653265,0.11671058088541031,0.0236810352653265
22,0.02231607586145401,0.10954486578702927,0.02231607586145401,0.0220036618411541,0.10710877925157547,0.0220036618411541
