epoch,accuracy,loss,val_accuracy,val_loss
0,0.5090818405151367,0.6227371096611023,0.5712082982063293,0.9952847361564636
1,0.48428231477737427,0.5900605916976929,0.6696686148643494,1.1368578672409058
2,0.5179731845855713,0.5722070336341858,0.21172493696212769,0.8350659012794495
3,0.5188135504722595,0.6321827173233032,0.753275454044342,1.0128475427627563
4,0.48135843873023987,0.6026746034622192,0.8077672719955444,0.7120461463928223
5,0.4590429961681366,0.5727248787879944,0.6068864464759827,0.8446201086044312
6,0.4907810091972351,0.6222350597381592,0.608971357345581,0.9361830353736877
7,0.48440858721733093,0.5770741105079651,0.4399195611476898,0.9744895100593567
8,0.4991258978843689,0.5733615159988403,0.4460016191005707,0.8419225215911865
9,0.521730899810791,0.5767490267753601,0.27238520979881287,0.8558656573295593
10,0.50217604637146,0.5874358415603638,0.3843667507171631,1.0170764923095703
11,0.5190464854240417,0.5686084032058716,0.6564435362815857,0.8826919198036194
12,0.4913797080516815,0.6185968518257141,0.5394655466079712,0.8999255299568176
13,0.4773046374320984,0.6125425100326538,0.6707295775413513,0.900622546672821
14,0.49222660064697266,0.6126659512519836,0.7623553276062012,0.5874860286712646
15,0.5002601742744446,0.5973018407821655,0.48045843839645386,0.8699114322662354
16,0.5728387236595154,0.5894977450370789,0.1859532743692398,0.705920934677124
17,0.4998791813850403,0.6057305932044983,0.40838658809661865,0.8007000088691711
18,0.5049692988395691,0.5882830619812012,0.5955858826637268,0.8863088488578796
19,0.4857475161552429,0.5907132029533386,0.9508129954338074,0.965530276298523
20,0.4714939296245575,0.5790552496910095,0.41264280676841736,0.7979155778884888
21,0.5098612308502197,0.5768279433250427,0.8200177550315857,1.1141295433044434
22,0.5384860038757324,0.5827776789665222,0.2340793013572693,0.7140559554100037
23,0.5627760887145996,0.5906867980957031,0.0003947790537495166,1.1352735757827759
24,0.5173766613006592,0.5837539434432983,0.8384860157966614,0.9915539026260376
25,0.5566017627716064,0.578230619430542,0.3800118565559387,0.8142951130867004
26,0.5434650778770447,0.5639978647232056,0.442423939704895,0.9807778596878052
27,0.5382943749427795,0.5655645728111267,0.14885637164115906,0.7580627799034119
28,0.4903651773929596,0.5729919075965881,0.01711120456457138,0.9799026250839233
29,0.4234405755996704,0.5696324110031128,0.9218337535858154,0.8369770050048828
30,0.5000816583633423,0.5599902868270874,0.7191393971443176,1.0238338708877563
31,0.5975533723831177,0.5621318221092224,0.9842705130577087,0.7409413456916809
32,0.5100746154785156,0.5640096664428711,0.6557649970054626,0.7380813360214233
33,0.5187700390815735,0.5674664378166199,0.4379086494445801,0.746475338935852
34,0.49823543429374695,0.5766228437423706,0.6526067852973938,0.7615124583244324
35,0.484754741191864,0.564757764339447,0.21437735855579376,0.6527171730995178
36,0.49746692180633545,0.5650551319122314,0.0005181474843993783,0.8821493983268738
37,0.8557202816009521,4.302456378936768,1.0,15.42539119720459
38,0.9999673366546631,5.811395645141602,1.0,15.42539119720459
39,0.9999673366546631,5.811403751373291,1.0,15.42539119720459
40,0.9999673366546631,5.8114190101623535,1.0,15.42539119720459
41,0.9999673366546631,5.811417102813721,1.0,15.42539119720459
42,0.9999673366546631,5.811434268951416,1.0,15.42539119720459
43,0.9999673366546631,5.811413764953613,1.0,15.42539119720459
44,0.9999673366546631,5.811426639556885,1.0,15.42539119720459
