epoch,loss,mae,mse,val_loss,val_mae,val_mse
0,2514318.5,168.74880981445312,2514318.5,14.108521461486816,2.451047897338867,14.108521461486816
1,5.528293609619141,0.9142284393310547,5.528293609619141,0.38149434328079224,0.5243685245513916,0.38149434328079224
2,0.4365798532962799,0.5552074909210205,0.4365798532962799,0.43302807211875916,0.5509431958198547,0.43302807211875916
3,0.43829867243766785,0.5562364459037781,0.43829867243766785,0.377460241317749,0.5229881405830383,0.377460241317749
4,0.43609538674354553,0.5549892783164978,0.43609538674354553,0.38994720578193665,0.5275490283966064,0.38994720578193665
5,0.43537816405296326,0.5547537207603455,0.43537816405296326,0.4194021224975586,0.5430874228477478,0.4194021224975586
6,0.43483176827430725,0.5544315576553345,0.43483176827430725,0.3774385154247284,0.5230181217193604,0.3774385154247284
7,0.4346941113471985,0.5543609857559204,0.4346941113471985,0.38299715518951416,0.5248335599899292,0.38299715518951416
8,0.43443384766578674,0.5541496872901917,0.43443384766578674,0.39466556906700134,0.5297185778617859,0.39466556906700134
9,0.43440088629722595,0.5541887283325195,0.43440088629722595,0.37995752692222595,0.5238741636276245,0.37995752692222595
10,0.43419530987739563,0.554057240486145,0.43419530987739563,0.3776998221874237,0.5231176614761353,0.3776998221874237
11,0.43392959237098694,0.5539796352386475,0.43392959237098694,0.38188743591308594,0.5244916677474976,0.38188743591308594
12,0.4339032769203186,0.5539516806602478,0.4339032769203186,0.3793603479862213,0.5236752033233643,0.3793603479862213
13,0.4338846504688263,0.5538995265960693,0.4338846504688263,0.3898448348045349,0.5275031924247742,0.3898448348045349
14,0.4337352514266968,0.5538166165351868,0.4337352514266968,0.38509297370910645,0.5255343914031982,0.38509297370910645
15,0.433623343706131,0.5537421703338623,0.433623343706131,0.39078080654144287,0.5279284119606018,0.39078080654144287
16,0.43370652198791504,0.5537451505661011,0.43370652198791504,0.40522870421409607,0.5351271629333496,0.40522870421409607
