epoch,loss,mae,mse,val_loss,val_mae,val_mse
0,5664767.5,258.10028076171875,5664767.5,2065.0302734375,28.5606689453125,2065.0302734375
1,297.07421875,5.644322872161865,297.07421875,0.3961895704269409,0.5308312177658081,0.3961895704269409
2,0.432711660861969,0.5525436401367188,0.432711660861969,0.3777850866317749,0.5226593613624573,0.3777850866317749
3,0.4324408173561096,0.5531097054481506,0.4324408173561096,0.38372910022735596,0.5247410535812378,0.38372910022735596
4,0.6758947968482971,0.5568652749061584,0.6758947968482971,0.4010939300060272,0.5329198837280273,0.4010939300060272
5,0.4352639317512512,0.5546510219573975,0.4352639317512512,0.37981370091438293,0.5239249467849731,0.37981370091438293
6,0.43488508462905884,0.5544575452804565,0.43488508462905884,0.379164457321167,0.5236101746559143,0.379164457321167
7,0.43479040265083313,0.5544558763504028,0.43479040265083313,0.3802938759326935,0.5239834785461426,0.3802938759326935
8,0.4344659745693207,0.5542610883712769,0.4344659745693207,0.3781255781650543,0.5232729315757751,0.3781255781650543
9,0.4344676434993744,0.5542459487915039,0.4344676434993744,0.38106849789619446,0.524233877658844,0.38106849789619446
10,0.43415161967277527,0.5541050434112549,0.43415161967277527,0.37798047065734863,0.5232201218605042,0.37798047065734863
11,0.4341709613800049,0.5540788769721985,0.4341709613800049,0.3819149434566498,0.5245002508163452,0.3819149434566498
12,0.4341551661491394,0.5540462136268616,0.4341551661491394,0.38836216926574707,0.526852011680603,0.38836216926574707
