epoch,loss,mae,mse,val_loss,val_mae,val_mse
0,0.049717798829078674,0.2227523773908615,0.14510776102542877,0.020835915580391884,0.14658616483211517,0.04193185269832611
1,0.02705666981637478,0.17783111333847046,0.05439241975545883,0.023629184812307358,0.1628398597240448,0.047519855201244354
2,0.02479126676917076,0.17005780339241028,0.04984176903963089,0.01733122393488884,0.13564087450504303,0.03499101102352142
3,0.02351425774395466,0.1656608283519745,0.04727989435195923,0.023023929446935654,0.15688350796699524,0.04832201451063156
4,0.02238691784441471,0.16151344776153564,0.04500553011894226,0.01445817667990923,0.12116072326898575,0.02916448377072811
5,0.021501226350665092,0.15815281867980957,0.043227359652519226,0.019072670489549637,0.1521557718515396,0.038398921489715576
6,0.02080557867884636,0.1556045413017273,0.04183105006814003,0.014516837894916534,0.117313914000988,0.029566412791609764
7,0.020126579329371452,0.15310464799404144,0.0404546894133091,0.014025549404323101,0.12142914533615112,0.028578389436006546
8,0.019819552078843117,0.15182669460773468,0.0398617647588253,0.013144751079380512,0.11235583573579788,0.02707603946328163
9,0.01919563300907612,0.14952270686626434,0.03858903795480728,0.015205109491944313,0.1256290078163147,0.030706746503710747
10,0.018680281937122345,0.1477275937795639,0.03755955770611763,0.01261507160961628,0.11073219776153564,0.02552899718284607
11,0.018399422988295555,0.14687480032444,0.03699173778295517,0.012437311932444572,0.11071350425481796,0.025133054703474045
12,0.018048251047730446,0.145718514919281,0.036291249096393585,0.017056360840797424,0.13407564163208008,0.034517671912908554
13,0.017588043585419655,0.14400318264961243,0.035367269068956375,0.015538855455815792,0.12743814289569855,0.03164587914943695
14,0.017333807423710823,0.14320994913578033,0.03485691547393799,0.014322992414236069,0.12203057110309601,0.028968416154384613
15,0.016970815137028694,0.1417800486087799,0.03412361070513725,0.013477778062224388,0.11591082066297531,0.02733325958251953
16,0.016468359157443047,0.1398429274559021,0.03312277793884277,0.013243825174868107,0.11102428287267685,0.026889853179454803
17,0.016145169734954834,0.1385924369096756,0.03247867524623871,0.01321394182741642,0.11347655951976776,0.02688537910580635
18,0.01584618166089058,0.13759136199951172,0.03187789022922516,0.013351996429264545,0.11269859969615936,0.027113545686006546
19,0.015639247372746468,0.13694080710411072,0.03146851807832718,0.013096362352371216,0.10944104939699173,0.026517696678638458
20,0.01516534574329853,0.1349303275346756,0.030517585575580597,0.013267407193779945,0.11271151900291443,0.026943109929561615
21,0.014777821488678455,0.13321369886398315,0.029739296063780785,0.015637781471014023,0.12366603314876556,0.03161533921957016
22,0.013241177424788475,0.12617149949073792,0.026668086647987366,0.013335896655917168,0.11066934466362,0.027036195620894432
23,0.012780352495610714,0.12396899610757828,0.025746196508407593,0.013485838659107685,0.11037039756774902,0.027361400425434113
24,0.012483341619372368,0.12262466549873352,0.02514735423028469,0.013924396596848965,0.11436530202627182,0.0281650573015213
25,0.01228161621838808,0.12163349986076355,0.02474760264158249,0.013496874831616879,0.11044753342866898,0.02734336256980896
26,0.01209301222115755,0.12066043168306351,0.02437322959303856,0.014247273094952106,0.11454461514949799,0.028834335505962372
27,0.011945159174501896,0.1198359802365303,0.02407768741250038,0.014060016721487045,0.11322088539600372,0.0284976027905941
28,0.011803893372416496,0.11917194724082947,0.023797187954187393,0.014747096225619316,0.11967771500349045,0.029866285622119904
29,0.01157184224575758,0.11816076189279556,0.02332681603729725,0.014769867062568665,0.11999832838773727,0.0298754945397377
30,0.011459318920969963,0.11748960614204407,0.02310154028236866,0.014676852151751518,0.11759866029024124,0.02969900518655777
31,0.01131508406251669,0.11675233393907547,0.02281474694609642,0.014535956084728241,0.1162252128124237,0.029391441494226456
32,0.010651077143847942,0.11309821158647537,0.021488351747393608,0.014340126886963844,0.11510695517063141,0.02898472547531128
33,0.010614852420985699,0.11281953006982803,0.021412113681435585,0.014631952159106731,0.11644461005926132,0.029638569802045822
34,0.010388031601905823,0.11160584539175034,0.020962724462151527,0.014543801546096802,0.11634943634271622,0.02939559705555439
35,0.010379144921898842,0.1114698201417923,0.02094181813299656,0.01437047217041254,0.11484284698963165,0.02905229479074478
36,0.010394074954092503,0.1115792766213417,0.02096966654062271,0.014506161212921143,0.11534608155488968,0.02935059741139412
