epoch,loss,mae,mse,val_loss,val_mae,val_mse
0,0.05303735285997391,0.23074983060359955,0.1526445597410202,0.03107745386660099,0.19373758137226105,0.06257732957601547
1,0.03021904081106186,0.18701031804084778,0.0607902966439724,0.027058493345975876,0.1754850447177887,0.05440356582403183
2,0.027165912091732025,0.17714639008045197,0.054628387093544006,0.022003065794706345,0.15501916408538818,0.04435010626912117
3,0.025234153494238853,0.17064835131168365,0.050732195377349854,0.02527824230492115,0.17167872190475464,0.05067215859889984
4,0.02400202304124832,0.16643193364143372,0.04825778678059578,0.014795308001339436,0.12277216464281082,0.029932068660855293
5,0.022732257843017578,0.1619509756565094,0.045703306794166565,0.014691733755171299,0.12050114572048187,0.029708929359912872
6,0.02200513333082199,0.1593571901321411,0.04425211623311043,0.015895934775471687,0.12379162758588791,0.03195526823401451
7,0.02124846540391445,0.1566668301820755,0.04271805286407471,0.014615518040955067,0.12103790044784546,0.029438547790050507
8,0.020683003589510918,0.1548616588115692,0.04157571867108345,0.014078587293624878,0.1201760470867157,0.028483664616942406
9,0.020178740844130516,0.15290622413158417,0.04056158661842346,0.013665814884006977,0.11780441552400589,0.02766624465584755
10,0.019790442660450935,0.15156719088554382,0.03978902846574783,0.018567560240626335,0.15111365914344788,0.037382736802101135
11,0.01947532407939434,0.15059778094291687,0.0391521155834198,0.014205553568899632,0.11614421755075455,0.02879452332854271
12,0.019013874232769012,0.14878349006175995,0.03822041675448418,0.013581110164523125,0.11328518390655518,0.027481378987431526
13,0.018749812617897987,0.14802497625350952,0.037688128650188446,0.012750204652547836,0.10987038165330887,0.025756806135177612
14,0.01845838688313961,0.1470884531736374,0.03711395710706711,0.013562430627644062,0.11551057547330856,0.027441266924142838
15,0.018141360953450203,0.14591923356056213,0.036474402993917465,0.013979668729007244,0.11662381142377853,0.02826143428683281
16,0.017781540751457214,0.14463596045970917,0.03575073927640915,0.015514175407588482,0.12909649312496185,0.031325556337833405
17,0.017432579770684242,0.14343979954719543,0.03506045043468475,0.017998933792114258,0.14278706908226013,0.036313366144895554
18,0.01709689199924469,0.1422038972377777,0.03437979519367218,0.013216369785368443,0.10941227525472641,0.026804035529494286
19,0.017028257250785828,0.14224378764629364,0.03424912691116333,0.01418480183929205,0.1210237443447113,0.028680065646767616
20,0.016626469790935516,0.14057986438274384,0.03344171494245529,0.013798368163406849,0.11394583433866501,0.027907630428671837
21,0.01607516221702099,0.1384415477514267,0.03233690559864044,0.013486810028553009,0.11222527921199799,0.027292927727103233
22,0.015898816287517548,0.13781510293483734,0.0319795235991478,0.01370227336883545,0.1151709333062172,0.027692845091223717
23,0.01566997729241848,0.137055441737175,0.031521569937467575,0.015235934406518936,0.12376698106527328,0.030778953805565834
24,0.01396620087325573,0.12947188317775726,0.028120817616581917,0.013614531606435776,0.11111070215702057,0.027571095153689384
25,0.013530914671719074,0.12751123309135437,0.027251387014985085,0.01375178899616003,0.11198600381612778,0.027826087549328804
26,0.013287005014717579,0.1263781487941742,0.026759302243590355,0.014787147752940655,0.11964761465787888,0.029912350699305534
27,0.01301592867821455,0.12520210444927216,0.026213517412543297,0.014887889847159386,0.11811546981334686,0.03012026846408844
28,0.012883645482361317,0.1246219202876091,0.025959640741348267,0.014346937648952007,0.11371350288391113,0.029017969965934753
29,0.012564636766910553,0.12298014014959335,0.02531038597226143,0.014714458025991917,0.11601956188678741,0.029782673344016075
30,0.012530430220067501,0.12283487617969513,0.02524600736796856,0.014682838693261147,0.1163744255900383,0.029717277735471725
31,0.012478459626436234,0.12287648022174835,0.025144042447209358,0.014387416653335094,0.11429540067911148,0.02910097874701023
32,0.012216581963002682,0.12137020379304886,0.024621257558465004,0.014570113271474838,0.11507890373468399,0.029495952650904655
33,0.011998627334833145,0.12037158012390137,0.024179473519325256,0.01534751895815134,0.12011328339576721,0.031015703454613686
34,0.011373181827366352,0.11688172072172165,0.0229322612285614,0.014630500227212906,0.11521382629871368,0.02959534153342247
35,0.011166210286319256,0.11581467092037201,0.02251449227333069,0.014815222471952438,0.11622601747512817,0.029942873865365982
36,0.011111431755125523,0.11555325239896774,0.02240183763206005,0.015028142370283604,0.11799094080924988,0.030412347987294197
37,0.01098437886685133,0.11496616154909134,0.022153781726956367,0.014936861582100391,0.11689577251672745,0.030179960653185844
38,0.010769160464406013,0.1136784553527832,0.02172049507498741,0.014943533577024937,0.11629709601402283,0.03022683411836624
