epoch,loss,mae,mse,val_loss,val_mae,val_mse
0,0.05089646577835083,0.2243136465549469,0.15033143758773804,0.12524409592151642,0.2604479193687439,0.9288272857666016
1,0.02802661433815956,0.18061532080173492,0.05635017901659012,0.03261398524045944,0.18011942505836487,0.06722863763570786
2,0.025444598868489265,0.17187662422657013,0.05119974538683891,0.02867351658642292,0.15474925935268402,0.059388428926467896
3,0.023549243807792664,0.16500800848007202,0.04734630137681961,0.015381008386611938,0.12038727849721909,0.03676779195666313
4,0.022562526166439056,0.1612909734249115,0.045369140803813934,0.01686478964984417,0.1294669806957245,0.03592398390173912
5,0.021701183170080185,0.1581992655992508,0.04364321753382683,0.01888182945549488,0.12895315885543823,0.06423551589250565
6,0.021171540021896362,0.1564544141292572,0.04256955161690712,0.019138963893055916,0.13686959445476532,0.05498020350933075
7,0.020451553165912628,0.15368963778018951,0.04112417995929718,0.01869024895131588,0.14286543428897858,0.04207286983728409
8,0.020019030198454857,0.15207411348819733,0.04025685787200928,0.029642770066857338,0.18662895262241364,0.07635042816400528
9,0.01960824243724346,0.15063656866550446,0.039424750953912735,0.07679852843284607,0.18313322961330414,0.5594798922538757
10,0.01934092864394188,0.1498381793498993,0.038894619792699814,0.028605878353118896,0.12897701561450958,0.15459071099758148
11,0.01902220956981182,0.14887824654579163,0.03825100511312485,0.01641969382762909,0.13001789152622223,0.03593745827674866
12,0.01863325573503971,0.14749732613563538,0.03746631741523743,0.02851693332195282,0.13883616030216217,0.14112642407417297
13,0.01818927749991417,0.14587774872779846,0.03657419607043266,0.01543276384472847,0.11329174786806107,0.047422900795936584
14,0.016342395916581154,0.13838373124599457,0.03287792578339577,0.013642949052155018,0.10812854766845703,0.03476797044277191
15,0.016056770458817482,0.13757707178592682,0.03231312707066536,0.013735073618590832,0.1100166067481041,0.03422416374087334
16,0.015700219199061394,0.13622638583183289,0.031589362770318985,0.014403061009943485,0.11433576047420502,0.036156199872493744
17,0.015459810383617878,0.1353815793991089,0.031111784279346466,0.013186340220272541,0.10737612843513489,0.02931600995361805
18,0.015187186188995838,0.13428054749965668,0.03056250512599945,0.014255625195801258,0.11361830681562424,0.03365756943821907
19,0.014922809787094593,0.13329698145389557,0.03003126196563244,0.013439412228763103,0.11122123897075653,0.027375806123018265
20,0.014707721769809723,0.13256680965423584,0.029603764414787292,0.013604964129626751,0.109809011220932,0.028305409476161003
21,0.014504577033221722,0.13175509870052338,0.0292002372443676,0.013941030018031597,0.11152731627225876,0.030287545174360275
22,0.014112287200987339,0.12996342778205872,0.028411157429218292,0.01511410716921091,0.11260928213596344,0.041053660213947296
23,0.013924953527748585,0.12916162610054016,0.02803712897002697,0.01419487688690424,0.11066627502441406,0.03246602043509483
24,0.01369480974972248,0.12817060947418213,0.027573227882385254,0.014659374952316284,0.1138957217335701,0.0333181731402874
25,0.013608468696475029,0.12781590223312378,0.027407744899392128,0.01459153275936842,0.11353758722543716,0.03266351670026779
26,0.013357676565647125,0.12673050165176392,0.026899835094809532,0.015171797014772892,0.11771570146083832,0.03378157317638397
27,0.013176985085010529,0.12606661021709442,0.026542743667960167,0.015218409709632397,0.1159718781709671,0.03444448485970497
28,0.012205222621560097,0.12105134129524231,0.0245964452624321,0.014579087495803833,0.11354971677064896,0.031395323574543
29,0.01195888128131628,0.11979325115680695,0.02410275489091873,0.014287365600466728,0.11298859119415283,0.02972189337015152
30,0.011833657510578632,0.11919920891523361,0.02385236695408821,0.014790940098464489,0.11454134434461594,0.03184381127357483
31,0.011654835194349289,0.11827875673770905,0.02349131926894188,0.01491758693009615,0.1147361472249031,0.03151971846818924
32,0.01163844671100378,0.11832214891910553,0.023463990539312363,0.014689324423670769,0.11459460854530334,0.030877593904733658
33,0.011611184105277061,0.1182514950633049,0.02340097911655903,0.014819642528891563,0.11588426679372787,0.030244776979088783
34,0.011506525799632072,0.11764226853847504,0.02319937013089657,0.015633301809430122,0.11985290050506592,0.03347907215356827
35,0.011341762728989124,0.11667456477880478,0.022862127050757408,0.0156572125852108,0.11887364089488983,0.033937472850084305
36,0.011320985853672028,0.11665209382772446,0.022824764251708984,0.015069271437823772,0.11589206755161285,0.031914856284856796
37,0.011179263703525066,0.11584518849849701,0.022545093670487404,0.015117325820028782,0.11586066335439682,0.03200608491897583
38,0.010839114896953106,0.11402423679828644,0.02186351642012596,0.015354053117334843,0.11643962562084198,0.03320440649986267
39,0.010908409021794796,0.11439979821443558,0.022002456709742546,0.01511459331959486,0.11633575707674026,0.031898628920316696
40,0.010782666504383087,0.11373350024223328,0.021746590733528137,0.015296677127480507,0.11702767759561539,0.0320243276655674
41,0.010798756033182144,0.11371435225009918,0.02177940309047699,0.015494544990360737,0.11714714765548706,0.033665236085653305
42,0.010746622458100319,0.11353503167629242,0.02168516255915165,0.015377440489828587,0.1169130802154541,0.032805755734443665
