epoch,loss,mae,mse,val_loss,val_mae,val_mse
0,0.7355174422264099,0.4805790185928345,0.7355174422264099,0.11049111932516098,0.2581690847873688,0.11049111932516098
1,0.11741846799850464,0.27085697650909424,0.11741846799850464,0.05409955233335495,0.19069914519786835,0.05409955233335495
2,0.0962853878736496,0.2446250170469284,0.0962853878736496,0.034179143607616425,0.14135198295116425,0.034179143607616425
3,0.08125975728034973,0.2238936722278595,0.08125975728034973,0.10080631822347641,0.2558061480522156,0.10080631822347641
4,0.0714915320277214,0.20929065346717834,0.0714915320277214,0.042726725339889526,0.15644267201423645,0.042726725339889526
5,0.06482348591089249,0.19856853783130646,0.06482348591089249,0.03184466063976288,0.13218198716640472,0.03184466063976288
6,0.060650549829006195,0.1914968341588974,0.060650549829006195,0.04146748408675194,0.15103676915168762,0.04146748408675194
7,0.057461582124233246,0.1860828846693039,0.057461582124233246,0.03334881737828255,0.13604557514190674,0.03334881737828255
8,0.05563988536596298,0.18252265453338623,0.05563988536596298,0.02953925170004368,0.12650634348392487,0.02953925170004368
9,0.05401710048317909,0.17967215180397034,0.05401710048317909,0.04227113351225853,0.1501288115978241,0.04227113351225853
