epoch,loss,mae,mse,val_loss,val_mae,val_mse
0,0.4948410391807556,0.5740383267402649,0.4948410391807556,0.3810410499572754,0.5262120366096497,0.3810410499572754
1,0.4487146735191345,0.5626952648162842,0.4487146735191345,0.394680917263031,0.5321264266967773,0.394680917263031
2,0.44518330693244934,0.5608540773391724,0.44518330693244934,0.3950122594833374,0.532429575920105,0.3950122594833374
3,0.44385483860969543,0.5602935552597046,0.44385483860969543,0.3796219527721405,0.5250986814498901,0.3796219527721405
4,0.4423218071460724,0.5594677925109863,0.4423218071460724,0.4458265006542206,0.5611069202423096,0.4458265006542206
5,0.44128888845443726,0.559074878692627,0.44128888845443726,0.3825153410434723,0.5269630551338196,0.3825153410434723
6,0.440788209438324,0.5588176250457764,0.440788209438324,0.3877889811992645,0.5293264389038086,0.3877889811992645
7,0.4381827712059021,0.5575090050697327,0.4381827712059021,0.38867318630218506,0.5294839143753052,0.38867318630218506
8,0.4367460310459137,0.5567986965179443,0.4367460310459137,0.3811146318912506,0.5263455510139465,0.3811146318912506
