epoch,loss,mae,mse,val_loss,val_mae,val_mse
0,0.08203832805156708,0.18203577399253845,0.08203832805156708,0.0277529526501894,0.12678349018096924,0.0277529526501894
1,0.030709773302078247,0.13117915391921997,0.030709773302078247,0.027776049450039864,0.12407435476779938,0.027776049450039864
2,0.027970600873231888,0.12440130859613419,0.027970600873231888,0.02658083289861679,0.12235897779464722,0.02658083289861679
3,0.026768343523144722,0.12125201523303986,0.026768343523144722,0.025622019544243813,0.11540507525205612,0.025622019544243813
4,0.025924721732735634,0.11890344321727753,0.025924721732735634,0.020121311768889427,0.10182490199804306,0.020121311768889427
5,0.02531164512038231,0.1172284409403801,0.02531164512038231,0.02232046239078045,0.10873425751924515,0.02232046239078045
6,0.02484414167702198,0.11597315967082977,0.02484414167702198,0.023955566808581352,0.11498987674713135,0.023955566808581352
7,0.024437647312879562,0.11491169780492783,0.024437647312879562,0.02029319666326046,0.10271492600440979,0.02029319666326046
8,0.024084540084004402,0.11389587819576263,0.024084540084004402,0.021893957629799843,0.10594459623098373,0.021893957629799843
9,0.023676911368966103,0.11282747238874435,0.023676911368966103,0.019602138549089432,0.10133340954780579,0.019602138549089432
10,0.02361060120165348,0.11272124946117401,0.02361060120165348,0.021021708846092224,0.10649539530277252,0.021021708846092224
11,0.02338431216776371,0.11221066862344742,0.02338431216776371,0.022453447803854942,0.10753397643566132,0.022453447803854942
12,0.023240573704242706,0.11185496300458908,0.023240573704242706,0.02096009999513626,0.10587230324745178,0.02096009999513626
13,0.023022886365652084,0.11125172674655914,0.023022886365652084,0.022302428260445595,0.10891815274953842,0.022302428260445595
14,0.022923070937395096,0.11097102612257004,0.022923070937395096,0.020700201392173767,0.10480748862028122,0.020700201392173767
15,0.022806791588664055,0.11068554222583771,0.022806791588664055,0.026085713878273964,0.11507172882556915,0.026085713878273964
16,0.022681433707475662,0.11038485169410706,0.022681433707475662,0.021336885169148445,0.10569220036268234,0.021336885169148445
17,0.022643769159913063,0.11038631200790405,0.022643769159913063,0.024126701056957245,0.11494848132133484,0.024126701056957245
18,0.022488217800855637,0.1099855974316597,0.022488217800855637,0.02263757400214672,0.10781668871641159,0.02263757400214672
19,0.022479981184005737,0.10980100929737091,0.022479981184005737,0.020747782662510872,0.10595978051424026,0.020747782662510872
