epoch,loss,mae,mse,val_loss,val_mae,val_mse
0,0.10650769621133804,0.20390988886356354,0.10650769621133804,0.03253879398107529,0.13408081233501434,0.03253879398107529
1,0.03592719882726669,0.14309021830558777,0.03592719882726669,0.04609508812427521,0.17094703018665314,0.04609508812427521
2,0.03041798248887062,0.13038130104541779,0.03041798248887062,0.029443318024277687,0.12511825561523438,0.029443318024277687
3,0.02746901474893093,0.12298958748579025,0.02746901474893093,0.022044289857149124,0.10853392630815506,0.022044289857149124
4,0.026226423680782318,0.11978735029697418,0.026226423680782318,0.02147507481276989,0.10626664757728577,0.02147507481276989
5,0.02548036351799965,0.11767584085464478,0.02548036351799965,0.024793678894639015,0.11708903312683105,0.024793678894639015
6,0.025055140256881714,0.11643096059560776,0.025055140256881714,0.024600563570857048,0.11370783299207687,0.024600563570857048
7,0.02460608072578907,0.11528787761926651,0.02460608072578907,0.022089015692472458,0.10651252418756485,0.022089015692472458
8,0.024294720962643623,0.11454056203365326,0.024294720962643623,0.022706419229507446,0.11153258383274078,0.022706419229507446
9,0.02391577884554863,0.11343997716903687,0.02391577884554863,0.020297862589359283,0.10366901755332947,0.020297862589359283
