epoch,loss,mae,mse,val_loss,val_mae,val_mse
0,0.46976977586746216,0.4526006579399109,0.46976977586746216,0.29184192419052124,0.44992509484291077,0.29184192419052124
1,0.11765400320291519,0.27050483226776123,0.11765400320291519,0.040664371103048325,0.15444399416446686,0.040664371103048325
2,0.08433417975902557,0.22826100885868073,0.08433417975902557,0.03994777426123619,0.15449553728103638,0.03994777426123619
3,0.06725822389125824,0.20258648693561554,0.06725822389125824,0.03894255682826042,0.14858415722846985,0.03894255682826042
4,0.05628561973571777,0.18413445353507996,0.05628561973571777,0.053516142070293427,0.17304348945617676,0.053516142070293427
5,0.05172796919941902,0.17524178326129913,0.05172796919941902,0.03372511267662048,0.13778245449066162,0.03372511267662048
6,0.050258468836545944,0.17253895103931427,0.050258468836545944,0.036566056311130524,0.1496421843767166,0.036566056311130524
7,0.04967121034860611,0.17156417667865753,0.04967121034860611,0.031710658222436905,0.13189415633678436,0.031710658222436905
8,0.04896863177418709,0.17021700739860535,0.04896863177418709,0.04389550909399986,0.16066960990428925,0.04389550909399986
9,0.04850472882390022,0.1694106161594391,0.04850472882390022,0.031128929927945137,0.13190996646881104,0.031128929927945137
